2 0.77587 0.298345 0.0829737 0.127385
0 0.132283 0.292975 0.0576983 0.232886
0 0.0854656 0.28979 0.0507135 0.220489
2 0.966346 0.27848 0.0663347 0.100823
2 0.531684 0.280583 0.0478732 0.0722509
0 0.0109625 0.274175 0.0216717 0.145613
7 0.859037 0.295681 0.0971352 0.216468
0 0.923488 0.24164 0.0390259 0.164332
19 0.587426 0.283855 0.0287408 0.0659532
0 0.187089 0.256933 0.050948 0.160674
2 0.561535 0.280664 0.0302937 0.0591696
7 0.427651 0.284552 0.0790147 0.102482
0 0.264087 0.268284 0.0345892 0.138654
0 0.720464 0.288584 0.0169899 0.0512428
19 0.625038 0.280361 0.026186 0.0562466
